LineNumber StartingPointCoordX StartingPointCoordY EndingPointCoordX EndingPointCoordY
1		45			120		37		120
2		36			121		31		121
3		30			120		30		118
4		29			117		35		111
5		36			110		44		97
6		44			96		36		84
7		37			83		42		77
8		43			76		52		75
9		53			74		62		75
10		63			75		75		75
11		76			76		76		82
12		77			83		79		87
13		80			88		85		93
14		86			93		93		96
15		94			97		98		99
16		99			99		104		100
17		104			101		103		105
18		102			106		99		109
19		98			109		92		108
20		92			107		88		107
21		88			106		84		105
22		83			105		78		106
23		77			107		74		109
24		73			108		70		107
25		69			108		65		109
26		65			110		63		114
27		62			115		58		119
28		57			120		52		122
29		51			122		46		125
30		45			126		43		129
31		42			130		39		132
32		39			133		37		136
33		36			137		32		138
34		33			137		35		132
35		34			131		37		127
36		38			126		44		124
37		45			124		48		122
38		48			121		45		119
39		29			135		27		132
40		26			132		22		133
41		21			134		22		137
42		23			137		28		136
43		66			121		70		119
44		71			120		67		122
45		105			101		104		105
46		103			106		104		110
47		105			111		112		115
48		113			115		122		116
49		123			116		124		117
50		123			117		115		118
51		115			117		110		118
52		109			118		101		120
53		100			120		98		124
54		99			125		101		129
55		106			101		115		102
56		116			102		131		103
57		132			102		145		105
58		146			105		160		102
59		100			128		94		128
60		93			128		81		127
61		80			128		75		127
62		76			126		76		123
63		75			123		71		127
64		72			127		73		129
65		72			130		62		129
66		61			128		56		125
67		55			126		47		127
68		46			128		41		133
69		39			133		35		140
70		34			140		32		152
71		31			153		38		156
72		39			155		51		156
73		50			157		47		166
74		48			167		54		176
75		54			175		46		183
76		47			184		53		190
77		48			185		50		187
78		50			188		54		189
79		55			189		57		189
80		56			190		53		190
81		52			191		50		191
82		49			192		47		192
83		46			193		44		193
84		44			192		43		191
85		43			190		44		189
86		44			188		43		187
87		43			186		42		184
88		41			183		40		182
89		37			182		37		187
90		38			188		39		188
91		40			189		40		192
92		39			192		38		192
93		37			193		36		192
94		36			191		35		191
95		35			192		35		195
96		36			196		39		196
97		39			197		40		198
98		41			199		42		199
99		43			200		44		199
100		44			198		45		197
101		46			196		47		196
102		47			197		50		200
103		51			201		52		202
104		55			202		56		203
105		57			203		58		204
106		59			204		59		211
107		58			212		58		213
108		57			214		57		215
109		58			216		58		223
110		59			223		62		223
111		63			224		65		226
112		66			225		67		225
113		67			226		67		228
114		66			229		65		230
115		62			229		59		235
116		60			235		65		234
117		66			234		82		233
118		82			234		73		240
119		73			241		63		243
120		64			244		72		241
121		74			242		79		246
122		80			245		84		238
123		85			239		92		242
124		93			243		102		248
125		103			248		113		258
126		114			258		130		255
127		131			255		140		247 ****
128		140			246		140		240
129		141			239		143		237
130		144			238		155		238
131		156			239		159		240
132		160			240		162		241
133		163			242		167		244
134		168			244		171		246
135		172			246		175		248
136		176			248		177		249
137		178			250		179		251
138		179			252		180		254
139		181			255		183		257
140		183			258		185		260
141		186			260		189		261
142		189			262		191		263
143		192			263		195		263
144		196			262		197		261
145		198			261		203		261
146		204			260		213		260
147		214			259		216		258
148		217			259		219		256
149		220			255		223		255
150		224			256		226		254
151		226			252		229		249
152		231			246		234		244
153		230			247		241		239
154		242			239		253		245
155		254			246		264		246
156		264			245		273		236
157		274			237		278		245
158		277			246		268		253
159		268			254		272		266
160		273			267		277		270
161		277			269		284		257
162		285			257		289		255
163		288			254		288		243
164		288			242		299		243
165		300			244		318		240
166		319			240		339		243
167		340			243		368		240
168		369			240		388		230
169		389			230		411		231
170		412			230		427		225
171		427			226		431		229
172		432			229		438		222	
173		440			222		442		224
174		443			224		446		222
175		447			222		451		223
176		452			224		454		225
177		455			225		456		226
178		457			226		458		227
179		459			227		466		227
180		467			226		468		224
181		469			224		472		224
182		473			225		475		226
183		475			227		475		229
184		473			231		474		233
185		475			234		476		235
186		477			234		477		233
187		478			231		480		231
188		482			229		484		228
189		485			228		488		228
190		488			227		488		224
191		487			223		486		223
192		484			221		483		220
193		483			219		483		212
194		482			211		480		209
195		479			208		475		206
196		474			206		475		202
197		476			201		477		199
198		477			198		479		195
199		480			192		479		191
200		478			191		476		191
201		476			190		476		182
202		475			181		476		179
203		475			176		473		175
204		472			172		473		169
205		474			167		473		165
206		471			163		469		160
207		469			159		478		159
208		479			158		479		155
209		480			154		480		150
210		481			149		484		146
211		485			148		487		151
212		488			151		488		152
213		483			145		482		143
214		479			140		476		138
215		473			139		470		140
216		467			140		464		138
217		461			137		460		135
218		461			134		460		133
219		460			132		459		129
220		458			127		458		124
221		459			123		461		120
222		462			119		462		114
223		461			113		460		110
224		459			109		456		107
225		455			106		456		103
226		454			102		451		101
227		450			102		448		99
228		448			98		446		96
229		444			95		442		92
230		440			90		438		88
231		435			89		433		91
232		432			92		430		94
233		428			93		426		92
234		425			91		418		91
235		417			92		415		94
236		414			93		411		91
237		410			91		408		91
238		407			92		405		95
239		404			96		401		97
240		400			98		396		100
241		395			101		392		102
242		391			101		388		103
243		385			106		381		106
244		380			107		376		109
245		375			110		371		110
246		370			109		366		109
247		365			108		361		107
248		360			106		357		104
249		354			106		351		105
250		350			105		347		106
251		346			107		343		106
252		342			107		340		109
253		339			109		336		110
254		335			110		332		111
255		331			111		329		110
256		328			109		323		109
257		322			108		318		107
258		316			105		314		103
259		313			104		311		107
260		310			107		304		103
261		303			103		298		102
262		297			99		293		96
263		289			96		285		100
264		281			99		277		94
265		276			93		276		87
266		275			86		272		84
267		269			85		266		86
268		265			87		259		87
269		258			86		255		84
270		254			83		252		80
271		251			79		251		75
272		250			74		248		72
273		247			72		246		74
274		246			75		244		76
275		243			77		228		77
276		227			76		215		76
277		214			75		207		75
278		206			76		203		76
279		202			77		200		77
280		199			78		196		79
281		195			80		192		80
282		192			81		187		81
283		186			82		183		83
284		182			84		180		86
285		178			88		177		89
286		175			90		173		91
287		172			92		170		93
288		169			94		167		95
289		165			95		163		97
290		161			99		161		101
291		160			102		158		104
292		156			105		145		105
293		144			104		142		103
294		138			103		135		102
295		134			101		132		102
296		131			103		119		103
297		118			102		115		102
298		114			101		112		101
299		111			100		107		100
300		106			101		105		101
301		104			102		104		104